maxerr = 5.89619e-08

     641596     408267    -244201    576.356    728.824    690.292     584.52     406.54    227.863    75.0036   -60.8496   -169.712    -262.16   -342.712   -395.731   -437.457    -465.93   -484.361   -530.628   -530.845    663.144    748.933    652.037    546.456     445.25    270.994    140.899     45.036   -18.9754   -91.8864   -120.909     -177.2   -222.794   -213.795   -268.443   -290.306   -306.597   -3191.82    110.429
     408267 3.02852e+06    -673282    195.158   -279.623   -398.732   -384.553   -271.769   -141.456   -17.0753    94.4386    185.877    265.507    335.519    385.323    421.355    450.228    466.655    510.119    508.626    249.919   -304.941   -384.006   -362.382   -317.438   -191.592   -89.5159   -13.7965    37.0538     103.19    122.857    169.625    206.691    195.562     243.53    265.489    281.915    641.291    10143.7
    -244201    -673282     324897    476.797   -224.472   -681.682    -978.07    -1024.7   -916.303    -730.05   -458.131   -178.903    112.746    424.382     699.58    951.155    1170.44    1348.64     1624.4    1713.49    740.536   -284.521   -689.348   -890.756   -1009.74   -807.362   -609.743   -422.385   -273.958   -90.3661    59.2428    230.712        399     457.41    653.128    780.221    871.429    800.253   -2249.63
    576.356    195.158    476.797    373.234   -80.4602   -44.6761   -21.4085   -8.52795    1.31876    6.02313    9.70608     10.996    12.2806    12.2702    11.8527    10.2016    7.65138    5.93998    5.38151     3.6628  -0.279768 0.00361402   0.091374   0.162347   0.263288   0.152238   0.154786   0.120002   0.143468  0.0876124   0.103447  0.0968499  0.0626218  0.0443072  0.0525853  0.0456968  0.0380615   -3.62315   -2.53786
    728.824   -279.623   -224.472   -80.4602    544.919   -46.5605     -36.08   -26.8617   -19.9314   -15.2774   -11.6763   -8.16125   -6.29823   -3.28999   -2.54838  -0.136995  0.0517472 -0.0705136   0.160108  -0.015327   0.443457   0.243747   0.187337  0.0730827  0.0808176   0.112063 -0.00326014 -0.00629019  0.0176838 -0.00109423 0.00441934 -0.00799354 0.00121347 0.00348779 0.00882675  0.0040665 0.00503361   -27.7486    5.22172
    690.292   -398.732   -681.682   -44.6761   -46.5605    710.457   -46.2475   -39.8861   -34.1326   -30.0984   -25.9892    -22.035   -18.6102   -15.9627   -13.4445   -10.2092   -6.55936   -5.00776   -4.39406   -3.03852   -2.56596    1.82227    1.52736   0.694586   0.892729    1.00299  0.0209965 -0.00947984   0.162355  0.0281935  0.0652768 -0.0147254  0.0493496  0.0638934   0.116834  0.0687641  0.0706006   -31.1035    5.33325
     584.52   -384.553    -978.07   -21.4085     -36.08   -46.2475    925.285   -50.6579   -47.0192   -42.6804   -38.4969   -34.3742   -30.4592   -27.9911   -24.2674   -20.1012   -14.4238   -10.0875   -8.87334   -6.20821   -3.19253     1.2053     2.9785    1.94879    3.03363    1.78956   0.308996   0.195857   0.399438  0.0970935   0.238133  0.0799992   0.141211   0.154809   0.265321   0.157359   0.164639   -34.3676    4.58258
     406.54   -271.769    -1024.7   -8.52795   -26.8617   -39.8861   -50.6579    1031.95    -53.317   -50.3449   -46.7068   -43.4656    -38.731   -35.9388   -31.2363   -27.0029   -21.0178    -15.714   -12.5883   -8.86342   -2.44246   0.167446    1.57421    2.69515     4.3742    2.05034   0.692273   0.480305   0.732482   0.183779    0.42047   0.250878    0.23984   0.189913   0.307137   0.214878   0.251416   -22.3866   -5.38288
    227.863   -141.456   -916.303    1.31876   -19.9314   -34.1326   -47.0192    -53.317    1111.95   -57.1328   -53.3045   -49.1426   -44.0525   -41.5819   -36.4836   -32.7019   -26.3388   -19.6856   -16.6313    -11.184   -1.96187  0.0430213   0.740318    1.85406    4.25332    1.98808    1.00297   0.704751   0.870337   0.285212    0.55557    0.45675   0.336115   0.161526   0.275414   0.247929    0.23929   -16.6914   -7.58398
    75.0036   -17.0753    -730.05    6.02313   -15.2774   -30.0984   -42.6804   -50.3449   -57.1328    1226.38   -58.7279    -54.588   -49.4892   -46.9531   -40.9081   -37.7874   -31.5927   -24.3252   -22.0375   -14.9977  -0.649916  -0.438991  -0.309153   0.463877    2.61889    1.51991    1.24011   0.789435   0.984194   0.432924   0.590891   0.569509   0.382586   0.101862   0.231797   0.248598   0.195318   -1.87064   -12.2118
   -60.8496    94.4386   -458.131    9.70608   -11.6763   -25.9892   -38.4969   -46.7068   -53.3045   -58.7279    1235.57   -56.4875   -52.5667   -49.8742   -43.8561    -39.981   -35.1715   -28.2415   -26.1094   -18.2052   0.269312  -0.360995  -0.732436   -0.22439  -0.422875  -0.336787    1.12356     0.6262   0.784719    0.39867   0.478022   0.490179   0.305461  0.0623061   0.188294   0.207762   0.120637    6.68888   -13.0427
   -169.712    185.877   -178.903     10.996   -8.16125    -22.035   -34.3742   -43.4656   -49.1426    -54.588   -56.4875    1253.11   -54.1373   -52.5509    -46.667   -43.1695   -38.7168   -32.4645   -30.2164   -21.6215   0.930737  -0.715304   -1.46433  -0.281243   -2.27258   -1.15298   0.694399   0.690918   0.565888   0.346792   0.399797    0.42735   0.208624   0.199922   0.103771   0.129428  0.0606624    15.6225   -16.5378
    -262.16    265.507    112.746    12.2806   -6.29823   -18.6102   -30.4592    -38.731   -44.0525   -49.4892   -52.5667   -54.1373    1258.92   -52.5374   -47.9678    -44.496   -41.3495   -36.0676    -34.208   -26.1969    2.88549   -1.26359   -2.16852   -1.71029   -4.72351    -2.5347  -0.147727   0.273824  0.0843187    0.39023   0.122768   0.251167  0.0159497   0.164882 -0.0916684 -0.0301951 -0.0838095    20.2124   -18.2072
   -342.712    335.519    424.382    12.2702   -3.28999   -15.9627   -27.9911   -35.9388   -41.5819   -46.9531   -49.8742   -52.5509   -52.5374    1290.66   -49.8291   -47.1105   -43.8952    -39.545   -37.6317   -29.2199    3.09438   -1.71089    -2.3563   -2.28712   -5.36246   -2.97614  -0.990282  -0.319148  -0.836014   0.333447  -0.157468  0.0210746  -0.177512  0.0988748  -0.244647  -0.170626   -0.16364     27.233   -18.9609
   -395.731    385.323     699.58    11.8527   -2.54838   -13.4445   -24.2674   -31.2363   -36.4836   -40.9081   -43.8561    -46.667   -47.9678   -49.8291    1236.03   -46.3381   -44.1699   -41.0743   -39.4993    -31.966    4.67956   -1.97873   -3.58588   -4.01243    -6.8463   -3.82394   -2.45744   -1.32518   -1.68375  -0.293461  -0.703719  -0.402096  -0.496207  -0.112909  -0.536218  -0.419648  -0.368039    37.5358   -22.9052
   -437.457    421.355    951.155    10.2016  -0.136995   -10.2092   -20.1012   -27.0029   -32.7019   -37.7874    -39.981   -43.1695    -44.496   -47.1105   -46.3381     1222.2   -45.0646   -42.2506   -41.1848   -33.9236    5.13055   -2.27528   -4.33715   -5.29289   -6.90653   -3.72401   -3.07586   -2.25388   -3.03809  -0.913424   -1.64036  -0.999845  -0.825863  -0.514845  -0.897171  -0.723616  -0.618156    42.3565   -25.8126
    -465.93    450.228    1170.44    7.65138  0.0517472   -6.55936   -14.4238   -21.0178   -26.3388   -31.5927   -35.1715   -38.7168   -41.3495   -43.8952   -44.1699   -45.0646    1262.25   -45.7269   -45.4947   -38.9683    8.72564    -3.4029   -6.46298   -7.71631   -10.9564   -6.56796   -4.37915   -3.43149   -4.71755   -2.13842   -2.98159   -2.23672   -1.46043   -1.12479   -1.49595   -1.25443   -1.09403     52.332    -33.033
   -484.361    466.655    1348.64    5.93998 -0.0705136   -5.00776   -10.0875    -15.714   -19.6856   -24.3252   -28.2415   -32.4645   -36.0676    -39.545   -41.0743   -42.2506   -45.7269    1264.49   -48.3808   -43.4192    10.6613   -3.30459   -7.71773    -9.7119    -14.686   -8.76602   -6.53185   -4.88841   -6.92395   -3.64917   -4.58939    -3.8149   -2.71822   -1.82157   -2.29458   -1.99506    -1.7091      55.79     -30.73
   -530.628    510.119     1624.4    5.38151   0.160108   -4.39406   -8.87334   -12.5883   -16.6313   -22.0375   -26.1094   -30.2164    -34.208   -37.6317   -39.4993   -41.1848   -45.4947   -48.3808    1403.74   -47.5929    12.4121   -3.19881   -8.46612   -11.9566   -17.7873   -11.0268   -8.26454   -7.20639   -8.46164   -6.00624   -6.73185   -6.14272   -4.08322    -3.3547   -3.32667   -2.96434   -2.60495    59.6775   -28.1927
   -530.845    508.626    1713.49     3.6628  -0.015327   -3.03852   -6.20821   -8.86342    -11.184   -14.9977   -18.2052   -21.6215   -26.1969   -29.2199    -31.966   -33.9236   -38.9683   -43.4192   -47.5929    1321.29    13.7348   -2.98918   -8.90719   -13.2763   -18.6133    -12.967   -11.6834   -9.59994   -10.9357   -8.92028   -9.38373   -10.3133   -6.43706   -5.55796   -6.14724    -4.6125    -4.0332    56.4784    -24.893
    663.144    249.919    740.536  -0.279768   0.443457   -2.56596   -3.19253   -2.44246   -1.96187  -0.649916   0.269312   0.930737    2.88549    3.09438    4.67956    5.13055    8.72564    10.6613    12.4121    13.7348    717.854   -56.8973   -32.2535   -20.2075   -13.3015   -5.93406   -1.94435   0.247291    1.25736    4.58687    3.28428    3.96312    2.97032    4.23207    3.79592    4.78038    5.39244   -187.508    32.4177
    748.933   -304.941   -284.521 0.00361402   0.243747    1.82227     1.2053   0.167446  0.0430213  -0.438991  -0.360995  -0.715304   -1.26359   -1.71089   -1.97873   -2.27528    -3.4029   -3.30459   -3.19881   -2.98918   -56.8973    594.576   -22.0545   -16.2232   -12.1609   -8.41941   -5.92518   -4.07182   -2.82315   -2.79153   -1.72143  -0.956599  -0.782166  -0.187141  -0.245607   0.150421  -0.259143   -71.2326  -0.639632
    652.037   -384.006   -689.348   0.091374   0.187337    1.52736     2.9785    1.57421   0.740318  -0.309153  -0.732436   -1.46433   -2.16852    -2.3563   -3.58588   -4.33715   -6.46298   -7.71773   -8.46612   -8.90719   -32.2535   -22.0545    583.285   -15.1396   -13.5303   -10.6592   -8.52488   -6.89303   -6.01381   -7.05846   -4.53265   -4.48179   -3.10974   -2.67437   -2.93087   -2.91348   -2.87659   -24.5214   -3.94244
    546.456   -362.382   -890.756   0.162347  0.0730827   0.694586    1.94879    2.69515    1.85406   0.463877   -0.22439  -0.281243   -1.71029   -2.28712   -4.01243   -5.29289   -7.71631    -9.7119   -11.9566   -13.2763   -20.2075   -16.2232   -15.1396    676.958   -15.2975   -12.5972   -11.4086   -9.99936    -9.2409   -10.3129   -7.27344   -7.37757   -5.19134   -5.05025   -5.09999   -5.68952   -5.63711   -14.0334   -2.57459
     445.25   -317.438   -1009.74   0.263288  0.0808176   0.892729    3.03363     4.3742    4.25332    2.61889  -0.422875   -2.27258   -4.72351   -5.36246    -6.8463   -6.90653   -10.9564    -14.686   -17.7873   -18.6133   -13.3015   -12.1609   -13.5303   -15.2975    813.501   -16.0603   -12.7418   -10.9359   -10.4914   -11.3066   -8.50444   -8.97729   -6.56558   -7.18349   -6.43159   -7.06594   -6.84585   -19.4574    11.6746
    270.994   -191.592   -807.362   0.152238   0.112063    1.00299    1.78956    2.05034    1.98808    1.51991  -0.336787   -1.15298    -2.5347   -2.97614   -3.82394   -3.72401   -6.56796   -8.76602   -11.0268    -12.967   -5.93406   -8.41941   -10.6592   -12.5972   -16.0603    708.074   -14.6648   -13.6438   -12.3803   -14.7974   -10.7009   -11.7173   -8.69258   -10.5296    -8.6139   -9.95566   -9.60795   -7.92419    12.5183
    140.899   -89.5159   -609.743   0.154786 -0.00326014  0.0209965   0.308996   0.692273    1.00297    1.24011    1.12356   0.694399  -0.147727  -0.990282   -2.45744   -3.07586   -4.37915   -6.53185   -8.26454   -11.6834   -1.94435   -5.92518   -8.52488   -11.4086   -12.7418   -14.6648     672.51   -15.0268   -14.0293   -16.1097   -12.1415    -12.944   -10.0997    -12.252   -9.75033    -10.967   -10.5251   0.408726      15.23
     45.036   -13.7965   -422.385   0.120002 -0.00629019 -0.00947984   0.195857   0.480305   0.704751   0.789435     0.6262   0.690918   0.273824  -0.319148   -1.32518   -2.25388   -3.43149   -4.88841   -7.20639   -9.59994   0.247291   -4.07182   -6.89303   -9.99936   -10.9359   -13.6438   -15.0268    664.335   -14.2633   -16.7902   -13.2758   -13.2308   -10.9328   -12.8936   -9.89328   -11.4532   -11.1065  -0.958055    14.8397
   -18.9754    37.0538   -273.958   0.143468  0.0176838   0.162355   0.399438   0.732482   0.870337   0.984194   0.784719   0.565888  0.0843187  -0.836014   -1.68375   -3.03809   -4.71755   -6.92395   -8.46164   -10.9357    1.25736   -2.82315   -6.01381    -9.2409   -10.4914   -12.3803   -14.0293   -14.2633     640.29   -16.0418   -13.5026    -13.107   -11.5216   -11.9794   -10.2053   -11.5026   -11.3312   -2.10114    16.6918
   -91.8864     103.19   -90.3661  0.0876124 -0.00109423  0.0281935  0.0970935   0.183779   0.285212   0.432924    0.39867   0.346792    0.39023   0.333447  -0.293461  -0.913424   -2.13842   -3.64917   -6.00624   -8.92028    4.58687   -2.79153   -7.05846   -10.3129   -11.3066   -14.7974   -16.1097   -16.7902   -16.0418     753.39    -15.659   -15.7035   -13.5556   -14.1279   -12.0578   -13.9499   -14.1901   -7.45254    14.4399
   -120.909    122.857    59.2428   0.103447 0.00441934  0.0652768   0.238133    0.42047    0.55557   0.590891   0.478022   0.399797   0.122768  -0.157468  -0.703719   -1.64036   -2.98159   -4.58939   -6.73185   -9.38373    3.28428   -1.72143   -4.53265   -7.27344   -8.50444   -10.7009   -12.1415   -13.2758   -13.5026    -15.659    564.007   -13.3183   -12.3499   -11.6399   -10.3514   -11.3394    -11.639   -5.39194    15.7682
     -177.2    169.625    230.712  0.0968499 -0.00799354 -0.0147254  0.0799992   0.250878    0.45675   0.569509   0.490179    0.42735   0.251167  0.0210746  -0.402096  -0.999845   -2.23672    -3.8149   -6.14272   -10.3133    3.96312  -0.956599   -4.48179   -7.37757   -8.97729   -11.7173    -12.944   -13.2308    -13.107   -15.7035   -13.3183    677.379   -14.2879   -13.1875   -12.5712    -13.256   -13.5859   -14.7403    24.9638
   -222.794    206.691        399  0.0626218 0.00121347  0.0493496   0.141211    0.23984   0.336115   0.382586   0.305461   0.208624  0.0159497  -0.177512  -0.496207  -0.825863   -1.46043   -2.71822   -4.08322   -6.43706    2.97032  -0.782166   -3.10974   -5.19134   -6.56558   -8.69258   -10.0997   -10.9328   -11.5216   -13.5556   -12.3499   -14.2879    647.838   -12.3943   -13.0341   -13.3917   -14.2631   -15.2806     30.823
   -213.795    195.562     457.41  0.0443072 0.00348779  0.0638934   0.154809   0.189913   0.161526   0.101862  0.0623061   0.199922   0.164882  0.0988748  -0.112909  -0.514845   -1.12479   -1.82157    -3.3547   -5.55796    4.23207  -0.187141   -2.67437   -5.05025   -7.18349   -10.5296    -12.252   -12.8936   -11.9794   -14.1279   -11.6399   -13.1875   -12.3943    531.937   -11.8829   -12.4131   -12.2703   -11.1677     32.088
   -268.443     243.53    653.128  0.0525853 0.00882675   0.116834   0.265321   0.307137   0.275414   0.231797   0.188294   0.103771 -0.0916684  -0.244647  -0.536218  -0.897171   -1.49595   -2.29458   -3.32667   -6.14724    3.79592  -0.245607   -2.93087   -5.09999   -6.43159    -8.6139   -9.75033   -9.89328   -10.2053   -12.0578   -10.3514   -12.5712   -13.0341   -11.8829    581.435   -12.9399   -13.1767   -17.1978     28.748
   -290.306    265.489    780.221  0.0456968  0.0040665  0.0687641   0.157359   0.214878   0.247929   0.248598   0.207762   0.129428 -0.0301951  -0.170626  -0.419648  -0.723616   -1.25443   -1.99506   -2.96434    -4.6125    4.78038   0.150421   -2.91348   -5.68952   -7.06594   -9.95566    -10.967   -11.4532   -11.5026   -13.9499   -11.3394    -13.256   -13.3917   -12.4131   -12.9399    628.603   -14.6214   -23.6607    27.2259
   -306.597    281.915    871.429  0.0380615 0.00503361  0.0706006   0.164639   0.251416    0.23929   0.195318   0.120637  0.0606624 -0.0838095   -0.16364  -0.368039  -0.618156   -1.09403    -1.7091   -2.60495    -4.0332    5.39244  -0.259143   -2.87659   -5.63711   -6.84585   -9.60795   -10.5251   -11.1065   -11.3312   -14.1901    -11.639   -13.5859   -14.2631   -12.2703   -13.1767   -14.6214    643.025   -25.0614    27.4661
   -3191.82    641.291    800.253   -3.62315   -27.7486   -31.1035   -34.3676   -22.3866   -16.6914   -1.87064    6.68888    15.6225    20.2124     27.233    37.5358    42.3565     52.332      55.79    59.6775    56.4784   -187.508   -71.2326   -24.5214   -14.0334   -19.4574   -7.92419   0.408726  -0.958055   -2.10114   -7.45254   -5.39194   -14.7403   -15.2806   -11.1677   -17.1978   -23.6607   -25.0614     4653.9   -21.5837
    110.429    10143.7   -2249.63   -2.53786    5.22172    5.33325    4.58258   -5.38288   -7.58398   -12.2118   -13.0427   -16.5378   -18.2072   -18.9609   -22.9052   -25.8126    -33.033     -30.73   -28.1927    -24.893    32.4177  -0.639632   -3.94244   -2.57459    11.6746    12.5183      15.23    14.8397    16.6918    14.4399    15.7682    24.9638     30.823     32.088     28.748    27.2259    27.4661   -21.5837    7529.64

          0 -9.69566e-13 1.42539e-13 1.81931e-11 -4.68186e-12 -1.03625e-12 -1.95275e-11 -1.72374e-11 5.60154e-11 -5.48321e-11 8.70601e-11 4.84529e-11 -1.02076e-11 -4.90151e-12 6.09541e-12 -1.13223e-11 1.03366e-11 -3.7927e-12 2.04583e-11 -2.78593e-12 -2.28427e-11 3.91731e-12 -2.47795e-12 -1.05478e-11 -5.08245e-12 1.27874e-11 5.41326e-12 1.53909e-10 4.10348e-10 1.46803e-11 -8.67599e-11 -1.38423e-11 6.36684e-12 -2.85577e-11 2.8949e-11 -4.36673e-11 -1.67958e-11 -2.15796e-12 -4.03219e-11
 9.69566e-13          0 -1.68412e-13 1.79188e-11 1.50539e-11 2.03911e-12 -3.23436e-11 4.40785e-12 5.71791e-11 1.92733e-10 -1.07716e-10 -4.25527e-11 -7.22855e-12 -1.49843e-11 6.13143e-12 1.75887e-11 -2.84189e-11 -1.53896e-11 -1.27968e-12 -1.41038e-11 2.46097e-11 6.65857e-11 3.62136e-11 3.09002e-11 1.50425e-11 8.85625e-11 1.13392e-10 8.00124e-11 1.56402e-11 1.31618e-11 -8.29293e-11 4.2755e-11 7.88704e-12 4.74868e-11 2.7278e-12 -9.39796e-12 -4.24583e-11 -9.22279e-12 5.78941e-13
 -1.42539e-13 1.68412e-13          0 1.56867e-11 -4.28129e-11 1.04934e-12 8.94028e-13 -6.4297e-12 1.82918e-12 -6.8441e-14 1.23987e-11 -2.53916e-11 2.35311e-11 -7.21007e-12 2.40892e-12 -7.83133e-12 -3.38621e-12 6.00435e-12 -3.45876e-12 5.79072e-12 -8.33596e-12 -8.01752e-12 7.66792e-12 3.75997e-13  -4.67e-12 -1.10883e-12 -4.59339e-12 9.12694e-12 -6.29221e-12 -2.57347e-11 9.36704e-14 -1.046e-11 -1.24015e-11 -1.6132e-11 -1.1457e-12 8.5477e-12 2.11991e-12 -2.28644e-12 -1.8109e-12
 -1.81931e-11 -1.79188e-11 -1.56867e-11          0 6.41479e-13 -1.40752e-13 -4.13991e-12 9.89359e-12 8.76617e-11 2.07042e-11 9.95092e-12 8.78354e-12 1.37862e-11 -9.71124e-12 -2.06998e-11 -5.00579e-12 -7.76234e-12 9.3438e-13 2.27256e-11 -5.46024e-11 3.61137e-10 3.00448e-08 9.92918e-10 -3.79513e-10 1.06622e-10 3.41633e-10 3.86074e-10 9.05978e-11 7.90437e-10 3.82202e-10 -9.71939e-10 -1.96157e-09 -9.8203e-10 1.23063e-09 -1.41169e-09 -3.88124e-09 -3.67565e-09 -5.23863e-10 1.21307e-09
 4.68186e-12 -1.50539e-11 4.28129e-11 -6.41479e-13          0 2.10518e-13 3.93865e-12 -4.31898e-12 3.74131e-12 6.57652e-12 1.89049e-11 -7.82159e-12 8.25495e-12 2.91292e-11 -4.87843e-11 6.12328e-10 -7.96853e-10 -1.22727e-09 5.64531e-10 8.2891e-09 2.86752e-10 -5.21974e-10 -9.91007e-10 2.13748e-10 -2.26184e-09 1.1885e-09 -3.09532e-08 -1.99747e-08 5.02691e-09 5.89619e-08 3.98711e-09 -7.51604e-09 2.22459e-08 -7.14574e-09 2.69022e-08 -1.09405e-08 4.01265e-09 -3.40214e-11 1.26495e-10
 1.03625e-12 -2.03911e-12 -1.04934e-12 1.40752e-13 -2.10518e-13          0 2.5848e-12 -2.16192e-12 2.01663e-12 2.04111e-12 -1.21032e-12 -7.32229e-12 -1.71015e-12 -1.62975e-11 8.83548e-12 -2.2111e-11 -1.80529e-11 3.11827e-11 2.88846e-11 1.70481e-12 7.00796e-11 1.03545e-11 -5.64366e-11 -2.67272e-10 -3.97739e-11 -3.24535e-11 -8.45284e-09 -1.14955e-08 1.07712e-09 -2.74717e-09 -5.17612e-10 1.04517e-09 5.27091e-10 1.60344e-09 -5.10951e-10 6.3581e-10 -1.63435e-09 3.40401e-11 -1.60484e-10
 1.95275e-11 3.23436e-11 -8.94028e-13 4.13991e-12 -3.93865e-12 -2.5848e-12          0 4.34657e-12 3.7779e-12 6.5892e-13 -3.95088e-12  4.134e-12 -6.59713e-12 -3.26555e-12 3.93452e-12 6.14896e-12 -2.02693e-12 3.66962e-13 -2.3813e-11 -3.8982e-11 -4.82147e-11 -2.97703e-11 1.78266e-11 5.63856e-11 5.02519e-11 4.85838e-11 1.41096e-10 -4.41019e-10 -5.68152e-10 -1.14898e-09 5.59843e-10 3.37438e-09 1.00803e-09 1.43923e-09 -5.86114e-10 1.64104e-11 -8.6726e-10 -1.35686e-12 4.32001e-10
 1.72374e-11 -4.40785e-12 6.4297e-12 -9.89359e-12 4.31898e-12 2.16192e-12 -4.34657e-12          0 -4.02531e-13 -5.03516e-12 -3.78727e-12 2.12839e-12 6.78411e-13 1.57542e-12 2.52361e-12 1.02511e-11 4.29615e-12 -4.68649e-12 -7.64318e-12 -2.16267e-11 3.00699e-11 3.52565e-10 1.87774e-10 6.71328e-11 3.66294e-11 -1.26319e-12 -2.61755e-10 -1.29309e-10 3.02948e-12 -6.2255e-10 4.40429e-10 7.89091e-10 1.84775e-10 1.20499e-10 7.81924e-11 1.27151e-10 -1.08709e-10 -9.75315e-12 -6.61866e-10
 -5.60154e-11 -5.71791e-11 -1.82918e-12 -8.76617e-11 -3.74131e-12 -2.01663e-12 -3.7779e-12 4.02531e-13          0 -1.02341e-12 -6.01233e-12 -8.58554e-13 7.43455e-12 -1.3172e-12 2.24172e-12 6.17867e-12 -1.26313e-11 -1.83664e-11 1.33506e-12 -8.04021e-12 -8.58058e-12 3.93703e-09 6.11949e-11 1.21525e-10 6.78586e-12 -8.52337e-11 -2.7586e-10 8.34339e-11 -2.46054e-10 -7.74571e-10 2.77521e-10 -7.76974e-11 -1.86898e-10 1.09634e-09 -4.33229e-10 5.24359e-10 1.23157e-09 8.88829e-11 -9.13904e-11
 5.48321e-11 -1.92733e-10 6.8441e-14 -2.07042e-11 -6.57652e-12 -2.04111e-12 -6.5892e-13 5.03516e-12 1.02341e-12          0 3.22633e-12 2.36605e-12 -1.60027e-12 -1.45828e-12 7.23767e-13 -3.59419e-12 -2.74102e-12 -9.27988e-13 1.05624e-11 -3.05972e-12 7.51054e-11 -2.79982e-10 3.90806e-10 9.7225e-11 -5.35462e-11 9.22504e-11 -7.33817e-11 2.62821e-10 -6.0884e-11 -3.48366e-10 -1.32037e-10 -2.55152e-10 -4.34716e-11 3.5069e-09 -7.43982e-10 -1.8125e-10 -3.87427e-10 9.23631e-10 -5.67886e-11
 -8.70601e-11 1.07716e-10 -1.23987e-11 -9.95092e-12 -1.89049e-11 1.21032e-12 3.95088e-12 3.78727e-12 6.01233e-12 -3.22633e-12          0 -2.79089e-12 -2.78089e-12 -6.58903e-12 -5.91533e-12 -1.23114e-12 2.28322e-12 -7.73201e-13 3.85528e-12 1.17696e-11 2.64718e-10 2.5491e-10 -1.42388e-10 -1.11899e-09 -2.60483e-10 6.07853e-10 2.50214e-11 1.70658e-10 -1.64013e-10 -3.61573e-11 -4.83356e-10 -1.87798e-10 8.56359e-10 4.42514e-09 -1.49563e-09 1.1799e-09 -3.45216e-10 -9.17801e-11 2.30162e-10
 -4.84529e-11 4.25527e-11 2.53916e-11 -8.78354e-12 7.82159e-12 7.32229e-12 -4.134e-12 -2.12839e-12 8.58554e-13 -2.36605e-12 2.79089e-12          0 6.14893e-14 6.03512e-12 -3.735e-12 7.62965e-13 -3.82347e-12 3.61355e-12 4.87436e-12 1.8314e-12 1.47237e-10 -1.91033e-10 -2.31039e-10 -1.73384e-10 2.29559e-11 1.06516e-10 2.12491e-10 -4.38896e-11 2.09086e-10 3.39926e-10 -5.68568e-10 1.1677e-10 7.78641e-10 -1.34608e-09 -2.41342e-10 1.85139e-10 9.62058e-10 -2.48485e-11 -1.47665e-10
 1.02076e-11 7.22855e-12 -2.35311e-11 -1.37862e-11 -8.25495e-12 1.71015e-12 6.59713e-12 -6.78411e-13 -7.43455e-12 1.60027e-12 2.78089e-12 -6.14893e-14          0 3.87406e-13 -3.04735e-12 -6.90239e-13 -2.63124e-12 1.64101e-13 4.63026e-12 -1.33918e-11 1.18614e-11 -5.05009e-11 1.3564e-11 -8.00365e-12 -1.80963e-11 -7.15275e-11 8.58853e-10 9.9829e-11 1.93723e-09 4.59361e-10 -9.18671e-10 2.05869e-11 -4.90442e-09 -2.39434e-10 -9.1145e-10 3.20702e-09 2.89705e-10 -4.05723e-11 2.23512e-13
 4.90151e-12 1.49843e-11 7.21007e-12 9.71124e-12 -2.91292e-11 1.62975e-11 3.26555e-12 -1.57542e-12 1.3172e-12 1.45828e-12 6.58903e-12 -6.03512e-12 -3.87406e-13          0 -3.61684e-12 -6.15071e-12 2.69838e-13 6.28879e-12 -2.86183e-12 -5.36998e-12 5.11788e-11 -2.18405e-11 -4.73427e-11 2.75014e-11 6.76258e-12 2.73505e-12 1.09441e-10 -3.79744e-10 2.99505e-10 8.75463e-10 2.57698e-10 -2.22992e-10 -1.92717e-09 2.1227e-10 -2.00777e-10 -1.16131e-09 9.33418e-10 2.79252e-11 2.84756e-10
 -6.09541e-12 -6.13143e-12 -2.40892e-12 2.06998e-11 4.87843e-11 -8.83548e-12 -3.93452e-12 -2.52361e-12 -2.24172e-12 -7.23767e-13 5.91533e-12  3.735e-12 3.04735e-12 3.61684e-12          0 3.04282e-12 1.46628e-12 -2.69385e-12 1.07742e-12 2.28073e-12 -2.52644e-11 7.90922e-11 -2.94088e-12 -3.68955e-13 2.48632e-11 8.80557e-12 1.18944e-11 -3.40573e-11 1.6084e-10 1.03232e-10 2.29123e-10 -1.59025e-10 -2.22027e-10 -2.51266e-10 1.06185e-10 -4.9502e-10 -2.13888e-10 -2.45196e-11 2.77083e-11
 1.13223e-11 -1.75887e-11 7.83133e-12 5.00579e-12 -6.12328e-10 2.2111e-11 -6.14896e-12 -1.02511e-11 -6.17867e-12 3.59419e-12 1.23114e-12 -7.62965e-13 6.90239e-13 6.15071e-12 -3.04282e-12          0 4.59869e-12 2.66283e-12 -6.60437e-12 -6.17429e-12 -7.21822e-14 6.69159e-11 -4.82037e-12 -1.31436e-11 7.50132e-13 2.53373e-11 4.54718e-11 3.08617e-11 -1.03524e-11 -8.34154e-11 4.28517e-12 -1.28001e-10 -2.54818e-10 -4.09323e-11 3.50009e-10 8.38155e-11 -9.27195e-11 2.91031e-11 1.38851e-10
 -1.03366e-11 2.84189e-11 3.38621e-12 7.76234e-12 7.96853e-10 1.80529e-11 2.02693e-12 -4.29615e-12 1.26313e-11 2.74102e-12 -2.28322e-12 3.82347e-12 2.63124e-12 -2.69838e-13 -1.46628e-12 -4.59869e-12          0 -3.81995e-12 -6.34495e-12 2.48825e-12 -1.87664e-11 -2.06599e-11          0 5.03548e-12 1.9252e-12 -2.49591e-11 1.11538e-11 1.44494e-11 -9.25575e-12 -4.30817e-11 4.33106e-11 7.34451e-11 -7.62476e-11 2.36786e-11 4.47615e-11 -1.58065e-10 -1.87653e-10 7.52415e-12 9.18683e-13
 3.7927e-12 1.53896e-11 -6.00435e-12 -9.3438e-13 1.22727e-09 -3.11827e-11 -3.66962e-13 4.68649e-12 1.83664e-11 9.27988e-13 7.73201e-13 -3.61355e-12 -1.64101e-13 -6.28879e-12 2.69385e-12 -2.66283e-12 3.81995e-12          0 -4.83415e-12 -3.61377e-12 1.2652e-11 4.55162e-11 3.26527e-11 1.07072e-11 1.13142e-11 -4.24677e-11 -1.81288e-11 -1.74096e-12 -2.23932e-11 1.91645e-11 7.41782e-12 -2.09511e-11 -1.24551e-10 1.64516e-10 -6.44988e-11 -7.51067e-11 -9.37309e-11 -1.56412e-11 1.06239e-10
 -2.04583e-11 1.27968e-12 3.45876e-12 -2.27256e-11 -5.64531e-10 -2.88846e-11 2.3813e-11 7.64318e-12 -1.33506e-12 -1.05624e-11 -3.85528e-12 -4.87436e-12 -4.63026e-12 2.86183e-12 -1.07742e-12 6.60437e-12 6.34495e-12 4.83415e-12          0 8.39774e-12 -8.22858e-12 -2.92075e-11 -9.06975e-12 -2.37385e-11 -1.19004e-11 -5.57098e-12 2.54774e-11 1.58672e-11 -1.66182e-12 -1.88526e-11 1.09939e-11 2.16861e-12 4.44054e-12 -3.07733e-11 5.51691e-11 -5.72929e-11 1.94593e-11 -1.28116e-11 5.08517e-11
 2.78593e-12 1.41038e-11 -5.79072e-12 5.46024e-11 -8.2891e-09 -1.70481e-12 3.8982e-11 2.16267e-11 8.04021e-12 3.05972e-12 -1.17696e-11 -1.8314e-12 1.33918e-11 5.36998e-12 -2.28073e-12 6.17429e-12 -2.48825e-12 3.61377e-12 -8.39774e-12          0 5.41559e-12 -7.98408e-11 3.86363e-12 -2.92395e-11 -1.00998e-11 2.41152e-11 1.21627e-11 1.80789e-11 -1.40772e-11 -4.15177e-14 7.6506e-12 -1.53932e-11 1.86832e-11 -3.96142e-11 3.19046e-12 1.54032e-11 5.77986e-12 2.83721e-11 1.88207e-11
 2.28427e-11 -2.46097e-11 8.33596e-12 -3.61137e-10 -2.86752e-10 -7.00796e-11 4.82147e-11 -3.00699e-11 8.58058e-12 -7.51054e-11 -2.64718e-10 -1.47237e-10 -1.18614e-11 -5.11788e-11 2.52644e-11 7.21822e-14 1.87664e-11 -1.2652e-11 8.22858e-12 -5.41559e-12          0 -4.0967e-13 4.81897e-13 1.25456e-12 -1.39661e-11 8.57437e-12 2.09314e-11 4.47302e-10 -3.2216e-11 2.23866e-11 -2.16314e-11 -1.22778e-11 3.61877e-11 6.28657e-11 -3.70423e-11 -1.88874e-11 4.97512e-12 -1.58776e-12 -3.26202e-11
 -3.91731e-12 -6.65857e-11 8.01752e-12 -3.00448e-08 5.21974e-10 -1.03545e-11 2.97703e-11 -3.52565e-10 -3.93703e-09 2.79982e-10 -2.5491e-10 1.91033e-10 5.05009e-11 2.18405e-11 -7.90922e-11 -6.69159e-11 2.06599e-11 -4.55162e-11 2.92075e-11 7.98408e-11 4.0967e-13          0 -1.50171e-12 2.36085e-12 6.32951e-12 -9.01057e-13 -1.63938e-11 -4.23934e-11 1.5072e-11 1.76287e-11 8.75793e-11 9.24124e-11 5.15394e-11 7.21841e-10 4.12018e-10 1.05686e-09 7.25488e-10 -7.99548e-12 -4.33591e-10
 2.47795e-12 -3.62136e-11 -7.66792e-12 -9.92918e-10 9.91007e-10 5.64366e-11 -1.78266e-11 -1.87774e-10 -6.11949e-11 -3.90806e-10 1.42388e-10 2.31039e-10 -1.3564e-11 4.73427e-11 2.94088e-12 4.82037e-12          0 -3.26527e-11 9.06975e-12 -3.86363e-12 -4.81897e-13 1.50171e-12          0 4.97424e-12 1.44686e-11 -7.2906e-12 -4.68812e-12 -1.12737e-12 -1.56601e-11 -1.70389e-12 -1.35109e-11 7.18304e-12 1.30289e-11 -5.1052e-11 4.2924e-12 2.24155e-11 3.24144e-11 1.62007e-11 9.73819e-10
 1.05478e-11 -3.09002e-11 -3.75997e-13 3.79513e-10 -2.13748e-10 2.67272e-10 -5.63856e-11 -6.71328e-11 -1.21525e-10 -9.7225e-11 1.11899e-09 1.73384e-10 8.00365e-12 -2.75014e-11 3.68955e-13 1.31436e-11 -5.03548e-12 -1.07072e-11 2.37385e-11 2.92395e-11 -1.25456e-12 -2.36085e-12 -4.97424e-12          0 2.13123e-11 9.07738e-12 1.3298e-12 3.70198e-13 2.96332e-12 -7.06893e-12 1.02771e-11 -2.05651e-11 5.70268e-13 -1.04777e-11 1.11012e-11 -1.45688e-11 -5.5075e-11 -9.49323e-12 -6.79046e-10
 5.08245e-12 -1.50425e-11   4.67e-12 -1.06622e-10 2.26184e-09 3.97739e-11 -5.02519e-11 -3.66294e-11 -6.78586e-12 5.35462e-11 2.60483e-10 -2.29559e-11 1.80963e-11 -6.76258e-12 -2.48632e-11 -7.50132e-13 -1.9252e-12 -1.13142e-11 1.19004e-11 1.00998e-11 1.39661e-11 -6.32951e-12 -1.44686e-11 -2.13123e-11          0 -5.85261e-12 -7.37702e-12 6.32795e-12 5.50238e-12 -8.83775e-13 1.34893e-12 6.0596e-12 1.27376e-11 2.4263e-11 -4.60274e-12 1.72829e-12 -1.01081e-11 1.40934e-11 -5.0114e-11
 -1.27874e-11 -8.85625e-11 1.10883e-12 -3.41633e-10 -1.1885e-09 3.24535e-11 -4.85838e-11 1.26319e-12 8.52337e-11 -9.22504e-11 -6.07853e-10 -1.06516e-10 7.15275e-11 -2.73505e-12 -8.80557e-12 -2.53373e-11 2.49591e-11 4.24677e-11 5.57098e-12 -2.41152e-11 -8.57437e-12 9.01057e-13 7.2906e-12 -9.07738e-12 5.85261e-12          0 8.60508e-12 1.5623e-11 9.98352e-12 7.25289e-13 -1.16541e-11 -1.44963e-11 2.04341e-12 -6.60702e-12 -3.56998e-11 -7.76867e-12 -1.33649e-11 1.08528e-10 -5.90283e-14
 -5.41326e-12 -1.13392e-10 4.59339e-12 -3.86074e-10 3.09532e-08 8.45284e-09 -1.41096e-10 2.61755e-10 2.7586e-10 7.33817e-11 -2.50214e-11 -2.12491e-10 -8.58853e-10 -1.09441e-10 -1.18944e-11 -4.54718e-11 -1.11538e-11 1.81288e-11 -2.54774e-11 -1.21627e-11 -2.09314e-11 1.63938e-11 4.68812e-12 -1.3298e-12 7.37702e-12 -8.60508e-12          0 6.62463e-12 1.58266e-13 6.11054e-12 -1.38374e-11 -7.71916e-12 -2.70038e-11 -7.0376e-12 1.46119e-11 1.24843e-12 3.05879e-12 -1.83307e-09 -7.51304e-11
 -1.53909e-10 -8.00124e-11 -9.12694e-12 -9.05978e-11 1.99747e-08 1.14955e-08 4.41019e-10 1.29309e-10 -8.34339e-11 -2.62821e-10 -1.70658e-10 4.38896e-11 -9.9829e-11 3.79744e-10 3.40573e-11 -3.08617e-11 -1.44494e-11 1.74096e-12 -1.58672e-11 -1.80789e-11 -4.47302e-10 4.23934e-11 1.12737e-12 -3.70198e-13 -6.32795e-12 -1.5623e-11 -6.62463e-12          0 5.52629e-12  4.937e-12 8.80848e-12 3.80383e-12 5.78788e-12 -8.66764e-12 -2.08719e-11 7.98075e-12 1.13285e-11 -1.93617e-09 9.96244e-11
 -4.10348e-10 -1.56402e-11 6.29221e-12 -7.90437e-10 -5.02691e-09 -1.07712e-09 5.68152e-10 -3.02948e-12 2.46054e-10 6.0884e-11 1.64013e-10 -2.09086e-10 -1.93723e-09 -2.99505e-10 -1.6084e-10 1.03524e-11 9.25575e-12 2.23932e-11 1.66182e-12 1.40772e-11 3.2216e-11 -1.5072e-11 1.56601e-11 -2.96332e-12 -5.50238e-12 -9.98352e-12 -1.58266e-13 -5.52629e-12          0 7.1744e-12 -2.19297e-13 -1.8352e-11 -1.54169e-11 6.1165e-12 -9.68179e-12 2.83121e-12 1.48922e-11 -3.46717e-10 4.39639e-11
 -1.46803e-11 -1.31618e-11 2.57347e-11 -3.82202e-10 -5.89619e-08 2.74717e-09 1.14898e-09 6.2255e-10 7.74571e-10 3.48366e-10 3.61573e-11 -3.39926e-10 -4.59361e-10 -8.75463e-10 -1.03232e-10 8.34154e-11 4.30817e-11 -1.91645e-11 1.88526e-11 4.15177e-14 -2.23866e-11 -1.76287e-11 1.70389e-12 7.06893e-12 8.83775e-13 -7.25289e-13 -6.11054e-12 -4.937e-12 -7.1744e-12          0 3.73386e-12 3.7707e-13 -4.94116e-12 -2.80276e-12 6.4757e-12 -7.42863e-13 -3.33807e-12 -7.74617e-12 -1.01614e-10
 8.67599e-11 8.29293e-11 -9.36704e-14 9.71939e-10 -3.98711e-09 5.17612e-10 -5.59843e-10 -4.40429e-10 -2.77521e-10 1.32037e-10 4.83356e-10 5.68568e-10 9.18671e-10 -2.57698e-10 -2.29123e-10 -4.28517e-12 -4.33106e-11 -7.41782e-12 -1.09939e-11 -7.6506e-12 2.16314e-11 -8.75793e-11 1.35109e-11 -1.02771e-11 -1.34893e-12 1.16541e-11 1.38374e-11 -8.80848e-12 2.19297e-13 -3.73386e-12          0 -4.58467e-12 -1.37833e-12 -1.65957e-11 -1.14387e-12 -2.50308e-11 -1.65334e-12 -7.00696e-11 -3.61891e-11
 1.38423e-11 -4.2755e-11  1.046e-11 1.96157e-09 7.51604e-09 -1.04517e-09 -3.37438e-09 -7.89091e-10 7.76974e-11 2.55152e-10 1.87798e-10 -1.1677e-10 -2.05869e-11 2.22992e-10 1.59025e-10 1.28001e-10 -7.34451e-11 2.09511e-11 -2.16861e-12 1.53932e-11 1.22778e-11 -9.24124e-11 -7.18304e-12 2.05651e-11 -6.0596e-12 1.44963e-11 7.71916e-12 -3.80383e-12 1.8352e-11 -3.7707e-13 4.58467e-12          0 1.06708e-11 -2.30946e-11 -4.65098e-12 7.62116e-12 4.71217e-12 -4.39598e-11 1.02301e-10
 -6.36684e-12 -7.88704e-12 1.24015e-11 9.8203e-10 -2.22459e-08 -5.27091e-10 -1.00803e-09 -1.84775e-10 1.86898e-10 4.34716e-11 -8.56359e-10 -7.78641e-10 4.90442e-09 1.92717e-09 2.22027e-10 2.54818e-10 7.62476e-11 1.24551e-10 -4.44054e-12 -1.86832e-11 -3.61877e-11 -5.15394e-11 -1.30289e-11 -5.70268e-13 -1.27376e-11 -2.04341e-12 2.70038e-11 -5.78788e-12 1.54169e-11 4.94116e-12 1.37833e-12 -1.06708e-11          0 -1.1077e-11 3.26507e-12 -4.03456e-12 9.54793e-12 3.36385e-11 -1.30004e-10
 2.85577e-11 -4.74868e-11 1.6132e-11 -1.23063e-09 7.14574e-09 -1.60344e-09 -1.43923e-09 -1.20499e-10 -1.09634e-09 -3.5069e-09 -4.42514e-09 1.34608e-09 2.39434e-10 -2.1227e-10 2.51266e-10 4.09323e-11 -2.36786e-11 -1.64516e-10 3.07733e-11 3.96142e-11 -6.28657e-11 -7.21841e-10 5.1052e-11 1.04777e-11 -2.4263e-11 6.60702e-12 7.0376e-12 8.66764e-12 -6.1165e-12 2.80276e-12 1.65957e-11 2.30946e-11 1.1077e-11          0 3.06438e-11 5.96289e-13 -1.56814e-12 -2.7967e-11 -6.38921e-12
 -2.8949e-11 -2.7278e-12 1.1457e-12 1.41169e-09 -2.69022e-08 5.10951e-10 5.86114e-10 -7.81924e-11 4.33229e-10 7.43982e-10 1.49563e-09 2.41342e-10 9.1145e-10 2.00777e-10 -1.06185e-10 -3.50009e-10 -4.47615e-11 6.44988e-11 -5.51691e-11 -3.19046e-12 3.70423e-11 -4.12018e-10 -4.2924e-12 -1.11012e-11 4.60274e-12 3.56998e-11 -1.46119e-11 2.08719e-11 9.68179e-12 -6.4757e-12 1.14387e-12 4.65098e-12 -3.26507e-12 -3.06438e-11          0 8.23632e-12 4.91472e-12 -4.20893e-11 -6.28581e-11
 4.36673e-11 9.39796e-12 -8.5477e-12 3.88124e-09 1.09405e-08 -6.3581e-10 -1.64104e-11 -1.27151e-10 -5.24359e-10 1.8125e-10 -1.1799e-09 -1.85139e-10 -3.20702e-09 1.16131e-09 4.9502e-10 -8.38155e-11 1.58065e-10 7.51067e-11 5.72929e-11 -1.54032e-11 1.88874e-11 -1.05686e-09 -2.24155e-11 1.45688e-11 -1.72829e-12 7.76867e-12 -1.24843e-12 -7.98075e-12 -2.83121e-12 7.42863e-13 2.50308e-11 -7.62116e-12 4.03456e-12 -5.96289e-13 -8.23632e-12          0 4.63179e-12 2.04578e-11 -6.18188e-11
 1.67958e-11 4.24583e-11 -2.11991e-12 3.67565e-09 -4.01265e-09 1.63435e-09 8.6726e-10 1.08709e-10 -1.23157e-09 3.87427e-10 3.45216e-10 -9.62058e-10 -2.89705e-10 -9.33418e-10 2.13888e-10 9.27195e-11 1.87653e-10 9.37309e-11 -1.94593e-11 -5.77986e-12 -4.97512e-12 -7.25488e-10 -3.24144e-11 5.5075e-11 1.01081e-11 1.33649e-11 -3.05879e-12 -1.13285e-11 -1.48922e-11 3.33807e-12 1.65334e-12 -4.71217e-12 -9.54793e-12 1.56814e-12 -4.91472e-12 -4.63179e-12          0 -1.03926e-10 2.51148e-11
 2.15796e-12 9.22279e-12 2.28644e-12 5.23863e-10 3.40214e-11 -3.40401e-11 1.35686e-12 9.75315e-12 -8.88829e-11 -9.23631e-10 9.17801e-11 2.48485e-11 4.05723e-11 -2.79252e-11 2.45196e-11 -2.91031e-11 -7.52415e-12 1.56412e-11 1.28116e-11 -2.83721e-11 1.58776e-12 7.99548e-12 -1.62007e-11 9.49323e-12 -1.40934e-11 -1.08528e-10 1.83307e-09 1.93617e-09 3.46717e-10 7.74617e-12 7.00696e-11 4.39598e-11 -3.36385e-11 2.7967e-11 4.20893e-11 -2.04578e-11 1.03926e-10          0 3.21993e-11
 4.03219e-11 -5.78941e-13 1.8109e-12 -1.21307e-09 -1.26495e-10 1.60484e-10 -4.32001e-10 6.61866e-10 9.13904e-11 5.67886e-11 -2.30162e-10 1.47665e-10 -2.23512e-13 -2.84756e-10 -2.77083e-11 -1.38851e-10 -9.18683e-13 -1.06239e-10 -5.08517e-11 -1.88207e-11 3.26202e-11 4.33591e-10 -9.73819e-10 6.79046e-10 5.0114e-11 5.90283e-14 7.51304e-11 -9.96244e-11 -4.39639e-11 1.01614e-10 3.61891e-11 -1.02301e-10 1.30004e-10 6.38921e-12 6.28581e-11 6.18188e-11 -2.51148e-11 -3.21993e-11          0
