    unsorted:	 660.0183382 658.4432806 663.9744422 649.9909319 681.1808168 686.2873168 689.0325519 630.5359255 714.7700308 613.1787317 603.1745466 731.5327089 580.7609350 557.7251925 764.7520305 541.1691831 788.1380775 519.1712442 817.0321224 465.3948209 946.7018015 1050.075557 1301.138525 1309.487910 1310.850505 1289.526064 1286.636743 1273.020484 1337.414913 1344.336066 1230.598010 1137.647027 1434.370573 324.9994916 4650.009809 7494.442845 120824.7908 608937.5730 3265463.505
      sorted:	 324.9994916 465.3948209 519.1712442 541.1691831 557.7251925 580.7609350 603.1745466 613.1787317 630.5359255 649.9909319 658.4432806 660.0183382 663.9744422 681.1808168 686.2873168 689.0325519 714.7700308 731.5327089 764.7520305 788.1380775 817.0321224 946.7018015 1050.075557 1137.647027 1230.598010 1273.020484 1286.636743 1289.526064 1301.138525 1309.487910 1310.850505 1337.414913 1344.336066 1434.370573 4650.009809 7494.442845 120824.7908 608937.5730 3265463.505
